fold-unconditional 1 146.707964 146.53927 0.99885013740631
fold-unconditional 2 151.259483 147.836702 0.9773714617284525
fold-unconditional 3 153.001619 158.220363 1.0341090769764991
fold-unconditional 4 154.111742 152.545644 0.9898379060565029
fold-unconditional 5 147.5485 150.359671 1.0190525217131994
fold-unconditional 6 143.71081 148.143558 1.030844916955099
fold-unconditional 7 144.859206 150.651164 1.039983361499303
fold-unconditional 8 145.663971 148.880854 1.0220842736739615
fold-unconditional 9 145.161903 150.272779 1.0352081082872
fold-unconditional median_ms 146.707964 150.272779 ratio 1.0220842736739615
map-guarded 1 145.110993 88.106542 0.6071665569816617
map-guarded 2 144.556567 85.879149 0.5940868047869454
map-guarded 3 146.515919 86.612176 0.5911451574077763
map-guarded 4 144.148066 85.924342 0.5960839044486382
map-guarded 5 143.876943 85.41509 0.5936676733533323
map-guarded 6 149.437522 84.163204 0.5631999438534586
map-guarded 7 149.191862 84.918882 0.5691924536741824
map-guarded 8 143.624485 84.142143 0.5858481790204505
map-guarded 9 151.783545 90.309402 0.5949880930768879
map-guarded median_ms 145.110993 85.879149 ratio 0.5936676733533323
